97.52 26.63 119.06 40.14 115.67 45.55 94.13 32.04 sperm 0
9.17 119.81 19.79 143.45 15.53 145.37 4.91 121.72 sperm 0
143.09 254.92 154.42 282.43 149.92 284.28 138.59 256.78 sperm 0
228.54 215.42 249.04 242.83 242.80 247.51 222.29 220.09 sperm 0
33.86 153.08 51.27 154.45 50.73 161.24 33.32 159.88 sperm 0
95.04 240.49 123.90 230.60 125.70 235.83 96.83 245.72 sperm 0
165.90 164.24 171.48 182.34 166.60 183.84 161.02 165.75 sperm 0
269.57 181.34 288.52 185.48 286.62 194.15 267.68 190.01 sperm 0
120.38 307.61 134.15 296.39 138.97 302.31 125.20 313.53 sperm 0
127.85 20.85 134.49 0.41 142.92 3.15 136.29 23.59 sperm 0
84.54 203.52 113.72 197.24 114.91 202.78 85.73 209.06 sperm 0
259.62 170.45 271.97 149.42 281.29 154.90 268.95 175.92 sperm 0
68.84 306.71 71.49 278.66 76.60 279.14 73.95 307.19 sperm 0
139.38 205.84 144.60 207.39 134.13 242.74 128.90 241.19 sperm 0
63.81 281.20 89.14 281.20 89.14 289.54 63.81 289.54 sperm 0