60.49 235.18 72.80 253.86 68.08 256.97 55.77 238.29 sperm 0
293.92 37.29 301.91 66.08 295.92 67.74 287.93 38.95 sperm 0
144.70 135.36 149.68 165.17 143.22 166.25 138.24 136.44 sperm 0
18.05 58.84 31.35 88.09 25.13 90.92 11.83 61.66 sperm 0
250.34 126.29 258.58 155.02 252.86 156.66 244.63 127.93 sperm 0
310.48 95.63 318.59 125.61 312.59 127.23 304.47 97.26 sperm 0
269.13 281.63 277.51 261.51 282.26 263.49 273.88 283.60 sperm 0
57.24 172.04 86.34 172.56 86.20 180.09 57.10 179.56 sperm 0
99.02 133.89 102.16 105.85 107.45 106.45 104.31 134.49 sperm 0
301.32 49.54 305.46 20.12 314.86 21.44 310.72 50.86 sperm 0
134.35 278.32 138.84 278.32 138.84 308.78 134.35 308.78 sperm 0