138.92 78.79 162.54 105.77 155.74 111.72 132.13 84.74 sperm 0
300.66 262.51 314.46 287.81 303.59 293.73 289.79 268.44 sperm 0
168.49 288.87 191.45 300.73 188.09 307.22 165.13 295.37 sperm 0
77.12 272.12 92.12 283.31 86.75 290.51 71.74 279.32 sperm 0
30.06 53.83 37.12 84.81 30.03 86.43 22.96 55.45 sperm 0
267.74 232.60 286.88 239.31 284.24 246.82 265.10 240.11 sperm 0
208.45 76.55 217.07 51.90 223.89 54.28 215.27 78.93 sperm 0
72.84 76.84 81.68 101.75 75.84 103.82 67.00 78.91 sperm 0
6.59 310.36 26.82 314.77 25.68 320.00 5.45 315.59 sperm 0
135.63 217.44 153.79 215.40 154.68 223.31 136.52 225.35 sperm 0
32.11 158.89 32.40 141.94 38.74 142.05 38.46 159.00 sperm 0