111.15 168.54 124.05 169.22 123.38 181.85 110.48 181.16 sperm 0
97.36 227.41 123.64 230.39 122.89 237.03 96.61 234.05 sperm 0
301.91 253.45 308.66 232.40 315.96 234.75 309.21 255.79 sperm 0
275.97 285.62 315.73 286.91 315.39 297.53 275.62 296.23 sperm 0
39.28 36.13 62.00 1.12 68.35 5.24 45.63 40.25 sperm 0
263.34 316.73 274.22 294.96 280.04 297.87 269.16 319.64 sperm 0
135.50 202.24 121.75 190.34 126.92 184.37 140.66 196.27 sperm 0
202.72 78.32 235.44 75.99 236.19 86.53 203.47 88.86 sperm 0
60.30 96.69 63.64 123.92 56.12 124.84 52.78 97.61 sperm 0
58.33 250.18 64.90 276.00 58.89 277.53 52.32 251.70 sperm 0
44.00 163.50 54.50 163.50 54.50 197.50 44.00 197.50 sperm 0