18.57 79.06 39.48 81.46 38.10 93.49 17.19 91.09 sperm 0
199.36 199.51 230.82 215.60 227.20 222.67 195.75 206.57 sperm 0
12.71 190.36 22.73 218.45 14.80 221.28 4.78 193.19 sperm 0
26.21 125.29 35.40 101.82 46.45 106.14 37.27 129.62 sperm 0
184.06 73.79 211.33 61.95 215.04 70.49 187.77 82.33 sperm 0
169.19 297.57 190.69 276.89 195.80 282.19 174.30 302.88 sperm 0
256.31 141.82 287.14 165.15 282.47 171.32 251.64 147.99 sperm 0
271.47 131.15 279.22 155.80 271.09 158.36 263.33 133.71 sperm 0
124.81 208.97 143.68 214.68 140.26 225.96 121.39 220.24 sperm 0
174.04 21.32 176.77 1.10 185.86 2.33 183.13 22.55 sperm 0
179.41 277.75 185.85 271.93 210.43 299.12 204.00 304.94 sperm 0